	20MHz

Location10	54.7602220411	91.1449738151	127.820787994	160.283347473	191.007155896	445.167235065	570.790657031	383.620473344	311.991512712	
Location8	58.2310426903	99.8793105876	127.150553204	123.84704134	195.699160091	447.393595967	580.158365333	697.648181441	676.184482548	
Location1	33.2		91.2932880258	125.196451237	158.088803321	192.965459322	261.115734347	602.436645307	697.7140333	711.967057028	
Location16	55.8351808916	87.3634917616	123.25497844	157.153721289	181.633183345	292.339013011	272.383511833	278.144112342	203.379695545	
Location23	37.6557537834	55.4750476276	90.3415551455	115.808257308	157.513942691	300.417851305	234.930268846	106.484886942	364.300867206	
Location5	55.4628284939	82.3614349549	122.435280463	96.8716496555	
Location25	30.8513444366	38.0905043204	38.8945677093	60.3281500144	
Location20	54.120672198	87.4345443112	130.26939233	161.262410886	189.312588396	210.082860218	288.457887812	266.150029802	194.766075819	
Location18	54.7815554113	77.9532564599	113.658573883	140.196582081	176.813341913	219.290211889	215.587062177	162.925293556	203.756637249	
Location22	22.3038533233	39.0139843704	51.848956617	65.8714369675	53.5466089599	
Location2	56.7176828983	93.7960403854	128.720658907	177.298614301	199.360754981	378.438554866	568.665613852	548.311229559	657.882717015	
Location24	35.9163735052	60.5843240975	80.2833624228	125.046684165	125.078077412	231.842708183	325.136887165	399.658886674	549.845637752	
Location13	34.2174015521	64.0373622636	97.1828177769	125.849843953	142.534667909	148.126465911	
Location3	55.6232478332	87.6377658809	123.688082604	163.244212706	193.048884844	304.486660044	455.884232286	363.070675186	442.573409004	
Location4	57.8935475988	86.9348391709	129.797196536	137.027605699	143.450022233	
Location12	23.6059467451	37.0818165943	31.1544179426	4.06622811406	
Location17	52.6696458681	85.9184687372	123.290819732	157.547291507	189.849659548	295.930037228	422.601191207	231.12645522	413.279744467	
Location9	56.2007686811	85.9786587258	127.845523489	157.266671724	201.823537447	359.302274003	518.457336302	656.834740451	578.566582475	
Location19	55.2342386656	77.106706753	122.364880618	165.146354041	181.906168408	291.640826476	360.348578302	558.564416217	528.454251841	
Location15	36.3		90.0760319598	120.294407478	158.296544595	188.935029502	198.916098767	164.747229482	173.767949877	
Location11	37.2224442669	64.7186527597	29.1785489002	77.2419721427	62.5719368064	


	40MHz

Location10	76.5752971603	112.609340684	
Location1	58.1837676283	165.206952005	224.825733711	325.776842316	808.917499932	968.107968681	1272.16496049	1069.85546503	1237.47743085	
Location20	61.4574716164	164.831470584	196.494811913	531.979683238	731.775159726	958.93912595	416.642375603	270.5861341	927.930672839	
Location23	53.6523960014	158.401167666	188.790821473	119.491604296	206.116431082	
Location5	53.7842574507	161.584315675	230.409942294	438.591946606	158.607812654	425.663071312	
Location22	59.6935732304	158.948896165	205.2759521	579.13259588	749.233138849	967.114426217	760.723124512	866.267323927	
Location2	67.534478065	163.877819356	195.914878094	531.422795066	734.366735438	985.581747092	1424.29931065	1246.18760128	1024.4082772	
Location21	54.0099644716	165.593443625	208.652435752	435.644783449	734.798559801	969.797039162	1334.95733201	986.009571012	971.030569362	
Location335	57.9683766694	157.364843454	174.578152699	167.501274279	
Location17	59.8730084187	157.722184143	194.332750902	259.006094583	131.484126721	199.349672743	
Location14	57.2833781279	163.957243589	194.773952905	503.278115435	734.885223854	962.613645232	1203.7611712	1120.44178519	1000.88214231	
Location16	59.3016517991	166.244164973	187.628771606	239.783060144	82.571850821	874.433286368	791.08450318	168.574731195	833.80195458	
Location25	55.4179622324	155.728284319	216.282827084	396.486218192	286.355347155	439.642980036	
Location26	56.9285222506	145.498885104	202.592443579	438.991036509	879.13493639	148.603621143	851.492104487	
Location18	55.747729694	160.366735312	193.74530097	450.013850728	726.0724984	953.336433843	1457.96792978	1153.66621168	1032.58949794	
Location13	56.099517436	164.877043552	224.003587596	569.753730076	729.433546353	958.55428984	1397.28557484	1159.17565888	1021.3175057	
Location3	62.3522917445	147.17884489	224.035417016	422.629772846	739.411738329	861.417412445	
Location6	53.7550109815	74.6987375431	71.9715732767	
Location24	49.6944250241	150.844530873	208.240552999	321.723756777	534.687535988	
Location7	51.7055885621	90.2394507892	80.2660308222	
Location9	78.2584198928	91.0054552414	152.898307475	
Location15	56.5149886252	153.807854358	233.440249122	413.194490121	799.808804494	524.212430943	


