	20MHz

Location22	4.426	8.708	11.639999999999999	6.8740000000000006	10.761999999999999	
Location5	5.51	10.720000000000002	15.020000000000001	11.9	
Location25	4.446	8.564	10.184000000000001	10.494	
Location17	5.446	11.220000000000002	16.740000000000002	22.44	33.92	42.82	46.42	34.08	42.959999999999994	
Location16	5.518	10.98	16.54	22.34	32.6	40.86	42.779999999999994	33.88	36.459999999999994	
Location12	3.1700000000000004	6.756	6.85	4.318	
Location18	4.691999999999999	9.994	14.959999999999999	19.78	27.640000000000004	38.56	34.760000000000005	17.682	31.579999999999995	
Location13	5.62	11.16	17.1	22.32	26.419999999999998	26.9	
Location23	5.714	11.059999999999999	17.36	23.14	34.39999999999999	44.17999999999999	36.5	16.896	41.64	
Location4	5.624	11.2	17.080000000000002	18.26	19.0	
Location1	5.709999999999999	11.200000000000001	17.34	23.2	34.760000000000005	46.34	52.019999999999996	56.98	57.58	
Location15	5.647999999999999	11.26	16.84	22.740000000000002	33.559999999999995	34.36	24.488	26.959999999999997	
Location3	5.708	11.26	17.279999999999998	23.0	34.14	44.32000000000001	47.16	39.92	44.78	
Location20	5.332	10.979999999999999	16.5	21.74	30.860000000000003	36.839999999999996	41.38	37.82	32.6	
Location8	5.714	11.22	17.339999999999996	23.2	34.8	46.42	50.839999999999996	54.92	53.56	
Location10	5.723999999999999	11.1	17.360000000000003	23.2	34.82000000000001	45.74	49.28000000000001	41.72	38.7	
Location2	5.717999999999999	11.239999999999998	17.32	23.12	34.86	46.4	52.11999999999999	52.379999999999995	54.46	
Location24	5.700000000000001	11.22	17.3	23.160000000000004	34.24	42.540000000000006	41.96	39.440000000000005	49.92	
Location9	5.704	10.998000000000001	17.259999999999998	23.14	34.36	44.879999999999995	50.260000000000005	54.839999999999996	53.15999999999999	
Location19	5.244	10.38	15.680000000000001	20.52	29.619999999999997	41.18	43.339999999999996	51.239999999999995	47.239999999999995	
Location11	5.286	9.712	6.572	11.09	12.68	


	40MHz

Location9	4.82	9.280000000000001	7.226000000000001	
Location14	5.798	24.38	36.8	49.199999999999996	72.88	90.34	102.55999999999999	98.66	82.28	
Location16	5.691999999999999	24.0	34.14	35.58	8.040000000000001	82.8	53.44	19.554	65.91999999999999	
Location335	5.724	21.2	4.208	23.56	
Location24	5.668	20.32	35.92	46.620000000000005	47.160000000000004	
Location15	5.786	21.54	36.5	48.82	62.6	39.4688	
Location3	5.781999999999999	22.14	36.480000000000004	48.8	59.839999999999996	74.84	
Location25	5.344	21.98	34.22	43.92	28.534000000000002	45.56	
Location22	5.834	22.48	36.92	49.42	73.54	88.25999999999999	62.82000000000001	80.16	
Location5	5.728	22.04	36.4	46.279999999999994	12.547999999999998	43.18000000000001	
Location17	5.702	22.24	33.9	40.220000000000006	9.690000000000001	32.88	
Location7	4.92	11.048000000000002	9.719999999999999	
Location18	5.7620000000000005	23.96	36.440000000000005	48.8	73.34	94.26000000000002	107.2	119.0	93.46	
Location13	5.802	24.28	36.96	49.14	73.4	92.18	105.8	114.2	88.67999999999999	
Location23	5.652	23.0	35.06	15.463999999999999	33.5	
Location1	5.836	24.5	36.5	48.38000000000001	71.52000000000001	91.5	105.04	115.6	117.8	
Location26	5.742	21.04	35.839999999999996	45.4	64.04	14.824000000000002	60.54	
Location20	5.843999999999999	23.08	36.980000000000004	49.46	73.72	87.17999999999999	32.456	20.284	83.36	
Location10	4.3839999999999995	6.526000000000001	
Location2	5.792	24.46	36.92	49.32000000000001	73.86	93.22	106.6	117.0	86.72	
Location6	4.674000000000001	6.984	6.036	
Location21	5.837999999999999	24.459999999999997	36.54	49.419999999999995	73.46000000000001	90.6	107.0	90.73999999999998	78.24	


